data/RW_20230622-1850.asc
ncols        24
nrows        24
xllcorner    591987.736481999978
yllcorner    5780746.032255999744
cellsize     1000.000000000000
NODATA_value -9999
 16 14 12 13 11 10 10 11 8 10 11 10 10 10 12 11 14 14 18 22 25 35 32 37
 22 14 14 12 13 10 11 12 11 13 9 10 9 10 10 12 13 14 18 21 23 31 33 37
 23 27 15 13 14 11 11 12 12 12 10 11 10 9 11 10 11 13 19 24 26 31 36 33
 33 27 16 16 13 13 10 9 9 10 11 11 11 10 10 13 13 12 16 19 23 28 30 34
 41 24 18 14 13 11 12 10 8 10 13 12 10 11 13 12 12 15 15 18 20 23 25 29
 20 16 18 15 13 10 11 10 10 10 8 11 11 10 9 12 13 14 15 15 21 22 18 25
 20 17 18 19 15 11 9 10 12 12 12 12 10 12 11 10 12 11 12 15 18 19 20 23
 19 19 21 14 15 10 8 10 11 11 11 11 13 11 11 10 14 14 12 12 17 16 17 19
 18 21 19 17 11 9 10 8 12 13 13 12 14 11 12 16 16 15 12 13 15 14 13 16
 18 19 18 14 14 11 10 11 12 14 13 14 14 11 14 16 13 14 14 16 16 17 13 14
 19 19 20 25 14 13 12 13 15 13 13 14 13 11 15 16 14 15 13 15 19 17 13 17
 20 36 19 31 28 12 10 18 15 14 15 15 13 15 16 16 17 15 16 16 17 17 16 14
 23 30 18 19 25 25 17 15 18 15 13 11 19 19 17 17 21 21 18 17 19 19 20 20
 22 18 21 15 15 15 17 19 17 13 15 11 14 13 21 23 24 23 20 18 20 17 15 18
 22 21 20 19 18 16 19 20 16 14 12 13 15 16 17 17 22 24 24 27 23 19 20 16
 41 24 19 21 19 19 21 15 15 14 11 13 16 15 16 16 21 24 28 26 25 17 18 17
 29 26 25 23 19 19 20 19 18 14 16 15 18 19 16 20 21 24 27 23 20 18 18 25
 35 32 26 33 26 24 20 18 17 14 12 14 18 16 21 21 21 21 23 20 18 21 20 22
 38 34 30 30 21 20 18 17 14 14 15 20 19 16 20 22 29 28 26 24 21 23 23 25
 33 37 32 33 23 22 20 20 19 17 13 21 20 22 25 28 25 23 28 24 22 24 22 24
 37 33 29 27 23 22 22 20 22 14 21 18 17 19 20 21 25 22 26 21 22 26 25 21
 36 36 33 28 22 27 28 28 29 29 25 16 17 16 19 21 25 25 28 25 24 29 23 22
 47 63 52 65 40 29 27 28 29 30 25 21 16 18 22 24 23 22 23 24 26 27 25 27
 43 31 34 49 29 32 30 27 26 26 19 19 18 18 21 23 23 20 23 24 24 25 24 27
