data/RW_20230622-2050.asc
ncols        24
nrows        24
xllcorner    591987.736481999978
yllcorner    5780746.032255999744
cellsize     1000.000000000000
NODATA_value -9999
 56 64 56 54 52 79 63 62 70 70 68 61 49 60 56 60 55 56 50 62 49 47 57 59
 50 50 47 60 58 55 74 70 75 88 75 77 58 65 72 70 65 55 51 62 60 41 56 58
 46 53 50 56 61 57 69 62 66 74 80 81 66 68 67 77 74 57 48 63 69 58 60 56
 52 53 50 57 55 64 57 69 66 75 79 87 76 67 66 79 68 65 51 54 65 73 70 66
 43 50 49 47 48 51 54 70 64 69 73 73 66 69 61 76 71 75 56 52 55 85 52 57
 36 40 48 42 43 38 41 52 63 65 66 60 56 65 61 68 77 59 53 50 64 70 52 51
 33 34 44 43 40 38 36 46 49 60 56 52 52 63 69 72 77 52 71 60 79 61 57 53
 29 28 40 38 40 37 39 39 45 55 55 53 53 61 64 65 75 64 82 71 71 59 47 54
 29 29 29 29 30 33 31 33 36 59 60 49 59 58 67 81 57 72 90 87 80 59 47 46
 27 26 28 24 25 26 24 27 40 56 61 48 46 59 67 66 54 72 76 68 58 45 33 34
 30 26 24 28 23 23 24 33 35 41 38 44 50 56 56 55 63 68 69 53 50 36 33 28
 29 24 25 25 23 20 22 29 35 32 33 41 44 45 51 50 61 54 46 40 35 32 33 30
 25 23 21 24 25 20 22 33 34 31 32 34 43 49 49 54 48 54 39 35 31 30 31 27
 24 25 24 25 24 23 26 34 30 30 33 39 36 43 42 57 52 49 35 29 22 22 23 26
 27 31 27 28 27 24 28 33 34 31 34 41 37 44 47 48 43 42 32 27 22 22 23 21
 29 31 30 33 29 29 26 34 31 30 32 36 39 44 45 49 32 31 26 26 20 19 19 22
 27 28 31 31 29 30 29 27 33 31 28 40 43 38 33 31 27 26 26 24 22 18 15 15
 31 29 29 30 31 28 26 28 28 31 27 40 41 40 29 27 24 24 26 24 19 16 15 15
 32 27 28 32 29 30 29 28 29 27 27 32 34 39 34 27 23 26 25 30 21 17 18 16
 31 27 28 27 29 28 29 27 29 30 30 32 33 31 30 28 27 21 21 28 25 25 20 17
 27 27 27 26 27 29 31 29 30 31 29 29 31 27 28 29 25 19 21 23 28 26 19 19
 26 26 27 27 28 30 28 24 28 27 27 26 31 25 22 25 25 19 23 24 24 28 23 24
 27 26 25 25 27 27 26 25 27 25 25 25 26 22 21 22 28 29 22 26 24 28 23 22
 21 22 23 26 25 25 26 26 26 27 25 26 36 23 22 19 24 29 26 24 26 26 25 28
