data/RW_20230622-1750.asc
ncols        24
nrows        24
xllcorner    591987.736481999978
yllcorner    5780746.032255999744
cellsize     1000.000000000000
NODATA_value -9999
 71 69 64 65 63 71 74 70 72 71 70 78 73 100 132 161 189 187 223 263 259 247 342 374
 72 64 70 69 59 69 75 75 74 67 75 75 82 99 137 157 175 226 226 264 277 266 281 390
 73 75 79 64 64 81 90 96 85 81 77 68 75 94 144 137 180 216 246 268 266 269 366 421
 79 94 81 80 80 100 123 108 90 88 92 83 86 97 139 170 190 194 243 268 291 323 402 425
 88 106 87 103 110 119 128 97 95 93 87 93 79 102 142 211 179 238 264 315 330 336 393 437
 104 119 98 97 151 135 149 101 91 93 104 77 73 88 120 216 214 242 317 336 342 379 481 481
 122 116 107 144 150 151 132 99 82 128 98 76 84 107 138 185 254 283 330 345 341 374 358 332
 128 115 115 154 185 139 114 107 96 138 79 75 92 146 125 159 248 282 300 318 302 265 237 217
 112 121 117 152 161 125 95 102 115 101 73 80 111 140 134 198 236 304 316 305 310 277 258 229
 108 143 163 169 125 109 93 134 111 107 98 91 110 137 178 209 277 290 335 331 336 332 325 262
 107 157 156 114 122 78 116 174 120 121 117 123 129 125 181 243 278 289 322 319 317 372 377 319
 139 171 127 114 109 118 176 155 131 143 116 133 138 156 228 279 312 305 311 286 347 425 354 384
 172 134 138 170 127 161 179 133 130 121 124 161 176 203 267 289 291 286 308 340 346 286 359 317
 182 140 167 183 162 169 162 131 128 122 161 207 197 229 287 257 265 219 330 318 311 323 293 250
 172 202 203 188 176 185 155 130 172 158 215 213 171 169 219 227 197 226 251 269 306 302 377 297
 219 259 252 217 189 166 179 179 186 183 213 217 177 186 220 211 248 249 226 237 302 297 312 293
 305 301 275 215 187 171 175 186 172 131 118 192 182 192 207 228 271 260 243 297 263 255 273 230
 292 253 207 184 151 161 166 143 130 112 121 156 176 230 212 178 272 299 296 316 475 372 416 154
 275 268 231 186 187 163 152 131 129 125 137 165 181 241 236 190 204 200 289 371 452 245 121 147
 269 268 236 201 185 186 161 167 160 167 166 185 189 245 292 248 169 204 258 384 324 223 162 130
 248 284 249 223 208 202 202 208 196 199 230 181 215 248 307 337 304 221 254 258 243 278 252 185
 212 232 239 234 203 227 269 276 241 244 221 226 251 249 317 301 290 194 189 223 193 231 127 69
 226 238 187 230 250 250 269 300 287 232 176 186 195 171 225 276 282 162 186 278 215 223 114 58
 228 249 249 223 265 271 290 305 285 213 174 164 181 183 195 225 228 176 173 174 209 192 189 163
