data/RW_20230622-1650.asc
ncols        24
nrows        24
xllcorner    591987.736481999978
yllcorner    5780746.032255999744
cellsize     1000.000000000000
NODATA_value -9999
 23 27 27 17 11 6 4 4 0 0 0 2 3 7 10 15 9 7 12 5 4 6 10 6
 25 33 21 21 6 5 2 0 0 0 2 2 7 13 19 9 10 8 6 12 7 8 11 10
 29 32 26 16 10 10 1 1 1 0 4 7 7 13 9 8 8 6 5 6 6 10 10 12
 40 31 20 15 11 7 5 2 1 1 4 8 5 9 4 7 3 6 4 7 8 8 9 12
 32 21 12 13 7 9 7 3 3 2 6 7 7 8 3 6 4 8 5 8 10 10 12 15
 25 24 14 7 7 4 3 1 4 2 5 8 8 8 8 7 12 13 11 14 13 14 18 19
 26 20 10 7 5 5 3 3 5 5 10 7 8 5 5 9 8 8 12 15 16 15 20 19
 33 18 7 7 5 4 3 6 6 5 6 6 6 6 7 8 4 10 10 12 16 22 18 19
 32 13 9 4 4 5 4 6 7 8 7 9 6 3 7 9 9 11 9 14 15 16 14 19
 16 6 8 2 5 4 8 4 4 8 11 8 7 8 7 5 10 9 15 19 16 14 14 17
 20 14 2 5 7 4 6 8 7 5 8 12 9 7 9 11 15 16 15 15 14 15 15 15
 35 21 8 15 17 4 8 7 5 6 7 7 7 3 6 11 13 14 10 14 12 10 13 10
 32 12 22 35 20 12 7 5 4 5 4 1 3 4 6 11 8 8 10 10 8 9 12 10
 42 16 44 30 13 9 6 3 1 0 0 2 2 4 5 5 7 9 8 8 8 8 7 8
 32 30 28 9 7 6 3 1 19 5 1 1 0 5 6 7 9 11 6 9 7 7 8 6
 30 24 4 2 15 32 16 19 20 16 6 2 1 1 1 5 5 8 7 6 5 2 3 4
 19 13 6 15 32 44 32 31 32 18 17 10 1 2 0 3 3 6 4 5 4 3 1 3
 51 15 32 44 73 82 49 45 36 27 25 11 1 1 0 2 4 3 2 3 2 0 2 0
 90 98 53 44 66 77 43 39 32 26 22 12 2 2 1 1 0 1 0 0 1 0 1 0
 98 87 62 56 60 62 29 26 34 34 27 16 7 1 0 0 3 0 1 0 0 0 0 0
 77 81 75 52 52 37 31 28 29 35 39 25 10 3 0 0 0 0 0 0 0 0 1 0
 92 83 65 55 39 30 30 39 31 37 27 27 8 4 1 1 1 0 0 0 0 0 0 0
 96 107 75 80 55 50 32 34 27 33 24 22 8 5 2 0 1 1 0 0 0 0 0 0
 99 90 96 84 85 52 46 40 31 28 19 20 15 7 2 2 1 1 0 0 0 0 0 0
