data/RW_20230622-1950.asc
ncols        24
nrows        24
xllcorner    591987.736481999978
yllcorner    5780746.032255999744
cellsize     1000.000000000000
NODATA_value -9999
 43 49 47 43 44 44 48 45 45 46 46 52 61 69 49 59 50 44 35 28 29 21 20 28
 43 40 36 38 46 42 43 44 46 47 46 56 70 77 69 61 50 37 35 29 27 21 20 20
 43 44 43 43 41 48 46 47 45 48 59 62 63 56 63 40 30 34 36 32 31 23 23 31
 41 45 45 45 48 54 55 57 49 52 55 66 59 50 44 40 46 33 33 30 25 28 39 23
 45 47 46 47 53 63 54 63 61 72 64 66 50 58 45 48 44 41 29 22 26 38 37 28
 49 50 51 52 57 65 60 64 67 73 73 56 42 52 51 44 49 39 28 25 25 26 37 33
 59 49 50 51 59 66 63 58 71 76 70 55 47 57 57 48 43 38 35 27 29 28 28 26
 68 68 54 60 62 73 83 75 74 74 76 59 70 68 51 48 37 38 38 42 37 31 30 29
 62 71 62 60 64 86 88 99 86 65 64 62 80 71 60 59 42 41 38 43 41 31 32 34
 68 68 67 62 64 70 76 87 87 67 67 71 80 68 67 55 44 41 32 38 51 40 39 43
 64 65 66 61 60 72 74 83 93 77 87 78 75 66 57 51 47 47 42 55 55 46 54 52
 67 72 71 66 64 77 72 74 79 90 78 72 67 67 62 48 48 46 57 53 61 58 57 49
 63 69 68 68 67 67 66 72 85 82 73 77 71 68 58 46 56 61 59 56 60 58 52 47
 67 66 71 69 76 79 78 81 87 84 71 87 82 70 61 46 46 49 59 53 48 47 45 40
 71 75 76 77 84 83 84 88 107 103 84 94 78 69 59 53 49 44 53 58 55 62 63 66
 78 80 80 76 96 93 93 110 120 104 83 85 82 73 59 56 57 53 67 65 55 64 47 55
 86 85 81 81 92 89 104 111 108 94 94 82 81 70 59 63 56 54 68 67 56 45 42 36
 93 88 88 91 103 100 93 90 95 93 99 86 87 77 63 56 62 64 67 46 49 45 37 28
 97 90 93 101 118 113 115 102 97 90 103 98 80 69 61 57 56 55 57 51 55 50 42 29
 93 105 98 116 125 124 139 105 112 100 91 88 85 69 60 59 59 61 53 66 47 47 39 31
 97 106 105 107 107 102 121 114 92 99 140 107 82 75 62 55 52 57 70 64 64 48 36 47
 93 94 99 100 111 95 103 95 96 106 125 102 85 76 66 62 57 63 66 55 60 51 38 32
 92 94 107 107 100 101 107 106 103 107 116 101 69 62 67 70 69 59 63 57 46 34 35 32
 99 102 112 107 101 106 113 104 104 114 122 93 78 64 69 71 77 71 54 49 42 39 37 36
